# SAG grandis 2021 validation dataset
#
# Output from the SAG grandis 2021 online simulator (sag.inia.uy)
# captured May 2026. Five scenarios covering variation in site index,
# initial density, zone, and thinning regime.
#
# Usage:
#   data(sag_validation)
#   str(sag_validation)
#
# Each element is a list with:
#   $description  - character string describing the scenario
#   $inputs       - list of input parameters
#   $trajectory   - data.frame with annual stand-level output
#   $thinnings    - data.frame of thinning events (NULL if unthinned)

sag_validation <- list(

  # ============================================================================
  # Scenario 1: Zone 7, SI=30, 550 TPH, unthinned (reference case)
  # ============================================================================
  z7_si30_n550 = list(
    description = "Zone 7, SI=30, 550 TPH, unthinned - reference case",
    inputs = list(
      zone = 7, SI = 30, N0 = 550, G0 = 1.7, Hd0 = 5.2,
      DAP_medio0 = 6.27, dmax0 = 8.0, SDd0 = 1.3,
      thins = NULL
    ),
    trajectory = data.frame(
      age        = 1:16,
      AMD        = c(5.2, 8.5, 12.0, 15.3, 18.3, 21.1, 23.7, 26.0, 28.1, 30.0, 31.7, 33.3, 34.8, 36.1, 37.4, 38.5),
      N          = c(550, 523, 489, 460, 437, 419, 403, 389, 376, 364, 353, 343, 332, 323, 314, 305),
      AB         = c(1.7, 10.7, 19.3, 25.6, 30.3, 33.8, 36.6, 38.7, 40.5, 41.9, 43.1, 44.2, 45.0, 45.8, 46.5, 47.1),
      DAP_medio  = c(6.3, 16.2, 22.4, 26.6, 29.7, 32.1, 34.0, 35.6, 37.0, 38.3, 39.4, 40.5, 41.6, 42.5, 43.4, 44.3),
      DAP_max    = c(8.0, 18.6, 25.8, 30.7, 34.9, 38.5, 41.6, 44.4, 46.9, 49.2, 51.4, 53.3, 55.1, 56.8, 58.4, 59.9),
      Desvio_DAP = c(1.3, 2.1, 2.8, 3.4, 4.0, 4.5, 4.9, 5.3, 5.7, 6.1, 6.4, 6.7, 7.0, 7.3, 7.5, 7.8),
      Vol_Total  = c(2.4, 33.4, 79.4, 133.8, 196.6, 252.6, 311.3, 364.2, 412.8, 457.6, 499.4, 537.9, 573.3, 604.1, 634.9, 661.0),
      MAI        = c(2.4, 16.7, 26.5, 33.4, 39.3, 42.1, 44.5, 45.5, 45.9, 45.8, 45.4, 44.8, 44.1, 43.2, 42.3, 41.3),
      ICA        = c(NA, 31.0, 46.0, 54.4, 62.8, 55.9, 58.7, 52.9, 48.7, 44.7, 41.8, 38.5, 35.4, 30.9, 30.7, 26.1),
      SDI        = c(58, 253, 399, 496, 562, 609, 643, 668, 688, 703, 715, 724, 731, 737, 742, 745)
    ),
    thinnings = NULL
  ),

  # ============================================================================
  # Scenario 2: Zone 7, SI=25, 550 TPH, unthinned (lower site quality)
  # ============================================================================
  z7_si25_n550 = list(
    description = "Zone 7, SI=25, 550 TPH, unthinned - lower site quality",
    inputs = list(
      zone = 7, SI = 25, N0 = 550, G0 = 1.7, Hd0 = 2.87,
      DAP_medio0 = 6.27, dmax0 = 8.0, SDd0 = 1.3,
      thins = NULL
    ),
    trajectory = data.frame(
      age        = 1:16,
      AMD        = c(2.9, 5.3, 8.1, 10.9, 13.6, 16.2, 18.7, 20.9, 23.0, 25.0, 26.8, 28.5, 30.0, 31.4, 32.8, 34.0),
      N          = c(550, 523, 489, 460, 437, 419, 403, 389, 376, 364, 353, 343, 332, 323, 314, 305),
      AB         = c(1.7, 10.7, 19.3, 25.6, 30.3, 33.8, 36.6, 38.7, 40.5, 41.9, 43.1, 44.2, 45.0, 45.8, 46.5, 47.1),
      DAP_medio  = c(6.3, 16.2, 22.4, 26.6, 29.7, 32.1, 34.0, 35.6, 37.0, 38.3, 39.4, 40.5, 41.6, 42.5, 43.4, 44.3),
      DAP_max    = c(8.0, 18.6, 25.8, 30.7, 34.9, 38.5, 41.6, 44.4, 46.9, 49.2, 51.4, 53.3, 55.1, 56.8, 58.4, 59.9),
      Desvio_DAP = c(1.3, 2.1, 2.8, 3.4, 4.0, 4.5, 4.9, 5.3, 5.7, 6.1, 6.4, 6.7, 7.0, 7.3, 7.5, 7.8),
      Vol_Total  = c(1.8, 20.9, 49.6, 87.6, 134.7, 180.7, 230.4, 277.6, 322.3, 364.6, 404.8, 442.4, 477.5, 509.0, 540.0, 567.2),
      MAI        = c(1.8, 10.4, 16.5, 21.9, 26.9, 30.1, 32.9, 34.7, 35.8, 36.5, 36.8, 36.9, 36.7, 36.4, 36.0, 35.5),
      ICA        = c(NA, 19.1, 28.8, 37.9, 47.1, 46.0, 49.8, 47.1, 44.8, 42.0, 40.2, 37.7, 35.1, 31.5, 31.1, 27.2),
      SDI        = c(58, 253, 399, 496, 562, 609, 643, 668, 688, 703, 715, 724, 731, 737, 742, 745)
    ),
    thinnings = NULL
  ),

  # ============================================================================
  # Scenario 3: Zone 7, SI=30, 1111 TPH, unthinned (high density)
  # ============================================================================
  z7_si30_n1111 = list(
    description = "Zone 7, SI=30, 1111 TPH, unthinned - standard pulp density",
    inputs = list(
      zone = 7, SI = 30, N0 = 1111, G0 = 3.5, Hd0 = 5.16,
      DAP_medio0 = 6.33, dmax0 = 8.0, SDd0 = 1.3,
      thins = NULL
    ),
    trajectory = data.frame(
      age        = 1:16,
      AMD        = c(5.2, 8.5, 12.0, 15.3, 18.3, 21.1, 23.7, 26.0, 28.1, 30.0, 31.7, 33.3, 34.8, 36.1, 37.4, 38.5),
      N          = c(1111, 1035, 970, 920, 879, 845, 814, 786, 761, 737, 714, 692, 672, 653, 634, 616),
      AB         = c(3.5, 15.1, 24.0, 30.1, 34.4, 37.6, 39.9, 41.8, 43.3, 44.5, 45.5, 46.4, 47.1, 47.8, 48.3, 48.8),
      DAP_medio  = c(6.3, 13.6, 17.8, 20.4, 22.3, 23.8, 25.0, 26.0, 26.9, 27.7, 28.5, 29.2, 29.9, 30.5, 31.1, 31.8),
      DAP_max    = c(8.0, 15.7, 21.2, 25.6, 29.4, 32.8, 35.7, 38.3, 40.7, 42.9, 44.9, 46.8, 48.5, 50.1, 51.7, 53.1),
      Desvio_DAP = c(1.3, 2.1, 2.8, 3.4, 4.0, 4.5, 4.9, 5.3, 5.7, 6.1, 6.4, 6.7, 7.0, 7.3, 7.5, 7.8),
      Vol_Total  = c(5.1, 39.1, 101.9, 168.9, 231.7, 291.2, 347.3, 398.4, 445.3, 488.4, 527.9, 562.6, 596.0, 625.1, 651.7, 675.9),
      MAI        = c(5.1, 19.6, 34.0, 42.2, 46.3, 48.5, 49.6, 49.8, 49.5, 48.8, 48.0, 46.9, 45.8, 44.6, 43.4, 42.2),
      ICA        = c(NA, 34.0, 62.8, 66.9, 62.9, 59.5, 56.1, 51.1, 46.9, 43.1, 39.5, 34.7, 33.4, 29.1, 26.6, 24.2),
      SDI        = c(119, 381, 546, 648, 714, 760, 793, 817, 834, 848, 858, 866, 872, 876, 879, 881)
    ),
    thinnings = NULL
  ),

  # ============================================================================
  # Scenario 4: Zone 8, SI=30, 550 TPH, unthinned (different zone)
  # Note: Zone 8 and Zone 9 produce identical output in SAG 2021
  # ============================================================================
  z8_si30_n550 = list(
    description = "Zone 8, SI=30, 550 TPH, unthinned - central/western Uruguay",
    inputs = list(
      zone = 8, SI = 30, N0 = 550, G0 = 1.7, Hd0 = 7.91,
      DAP_medio0 = 6.27, dmax0 = 8.0, SDd0 = 1.3,
      thins = NULL
    ),
    trajectory = data.frame(
      age        = 1:16,
      AMD        = c(7.9, 11.6, 15.0, 18.0, 20.7, 23.0, 25.1, 26.9, 28.5, 30.0, 31.3, 32.5, 33.6, 34.6, 35.4, 36.3),
      N          = c(550, 545, 535, 518, 495, 469, 447, 430, 417, 408, 399, 392, 385, 379, 372, 366),
      AB         = c(1.7, 9.3, 15.9, 20.7, 24.2, 26.8, 28.8, 30.3, 31.6, 32.6, 33.5, 34.2, 34.9, 35.4, 35.9, 36.3),
      DAP_medio  = c(6.3, 14.7, 19.5, 22.6, 24.9, 27.0, 28.6, 30.0, 31.1, 31.9, 32.7, 33.3, 34.0, 34.5, 35.0, 35.5),
      DAP_max    = c(8.0, 16.9, 22.4, 26.0, 28.7, 31.0, 32.9, 34.5, 35.8, 37.0, 38.0, 39.0, 39.8, 40.6, 41.3, 42.0),
      Desvio_DAP = c(1.3, 2.0, 2.6, 3.1, 3.5, 3.9, 4.3, 4.6, 4.9, 5.2, 5.4, 5.6, 5.9, 6.1, 6.2, 6.4),
      Vol_Total  = c(3.2, 38.1, 87.8, 130.9, 179.2, 230.3, 270.2, 293.1, 337.9, 362.7, 386.0, 409.6, 432.7, 454.6, 452.2, 476.7),
      MAI        = c(3.2, 19.1, 29.3, 32.7, 35.8, 38.4, 38.6, 36.6, 37.5, 36.3, 35.1, 34.1, 33.3, 32.5, 30.1, 29.8),
      ICA        = c(NA, 35.0, 49.7, 43.1, 48.3, 51.1, 22.9, 22.9, 44.8, 24.8, 23.3, 23.6, 23.1, 21.9, -2.3, 24.5),
      SDI        = c(58, 227, 349, 428, 481, 516, 541, 560, 575, 588, 598, 607, 613, 619, 623, 627)
    ),